00000000000000000000000010010011
00000000000100000000000010010011
00000000001000000000000010010011
00000000001100000000000010010011
00000000010000000000000010010011
00000000010100000000000010010011
00000000011000000000000010010011
00000000011100000000000010010011
00000000000000000000000010010011
00000000000100000000000010010011
00000000001000000000000010010011
00000000001100000000000010010011
00000000010000000000000010010011
00000000010100000000000010010011
00000000011000000000000010010011
00000000011100000000000010010011
00000000000000000000000010010011
00000000000100000000000010010011
00000000001000000000000010010011
00000000001100000000000010010011
00000000010000000000000010010011
00000000010100000000000010010011
00000000011000000000000010010011
00000000011100000000000010010011
00000000000000000000000010010011
00000000000100000000000010010011
00000000001000000000000010010011
00000000001100000000000010010011
00000000010000000000000010010011
00000000010100000000000010010011
00000000011000000000000010010011
00000000011100000000000010010011
00000000000000000000000010010011
00000000000100000000000010010011
00000000001000000000000010010011
00000000001100000000000010010011
00000000010000000000000010010011
00000000010100000000000010010011
00000000011000000000000010010011
00000000011100000000000010010011
00000000000000000000000010010011
00000000000100000000000010010011
00000000001000000000000010010011
00000000001100000000000010010011
00000000010000000000000010010011
00000000010100000000000010010011
00000000011000000000000010010011
00000000011100000000000010010011
00000000000000000000000010010011
00000000000100000000000010010011
00000000001000000000000010010011
00000000001100000000000010010011
00000000010000000000000010010011
00000000010100000000000010010011
00000000011000000000000010010011
00000000011100000000000010010011
00000000000000000000000010010011
00000000000100000000000010010011
00000000001000000000000010010011
00000000001100000000000010010011
00000000010000000000000010010011
00000000010100000000000010010011
00000000011000000000000010010011
00000000011100000000000010010011
00000000000000000000000010010011
00000000000100000000000010010011
00000000001000000000000010010011
00000000001100000000000010010011
00000000010000000000000010010011
00000000010100000000000010010011
00000000011000000000000010010011
00000000011100000000000010010011
00000000000000000000000010010011
00000000000100000000000010010011
00000000001000000000000010010011
00000000001100000000000010010011
00000000010000000000000010010011
00000000010100000000000010010011
00000000011000000000000010010011
00000000011100000000000010010011
00000000000000000000000010010011
00000000000100000000000010010011
00000000001000000000000010010011
00000000001100000000000010010011
00000000010000000000000010010011
00000000010100000000000010010011
00000000011000000000000010010011
00000000011100000000000010010011
00000000000000000000000010010011
00000000000100000000000010010011
00000000001000000000000010010011
00000000001100000000000010010011
00000000010000000000000010010011
00000000010100000000000010010011
00000000011000000000000010010011
00000000011100000000000010010011
00000000000000000000000010010011
00000000000100000000000010010011
00000000001000000000000010010011
00000000001100000000000010010011
00000000010000000000000010010011
00000000010100000000000010010011
00000000011000000000000010010011
00000000011100000000000010010011
00000000000000000000000010010011
00000000000100000000000010010011
00000000001000000000000010010011
00000000001100000000000010010011
00000000010000000000000010010011
00000000010100000000000010010011
00000000011000000000000010010011
00000000011100000000000010010011
00000000000000000000000010010011
00000000000100000000000010010011
00000000001000000000000010010011
00000000001100000000000010010011
00000000010000000000000010010011
00000000010100000000000010010011
00000000011000000000000010010011
00000000011100000000000010010011
00000000000000000000000010010011
00000000000100000000000010010011
00000000001000000000000010010011
00000000001100000000000010010011
00000000010000000000000010010011
00000000010100000000000010010011
00000000011000000000000010010011
00000000011100000000000010010011
00000000000000000000000010010011
00000000000100000000000010010011
00000000001000000000000010010011
00000000001100000000000010010011
00000000010000000000000010010011
00000000010100000000000010010011
00000000011000000000000010010011
00000000011100000000000010010011
00000000000000000000000010010011
00000000000100000000000010010011
00000000001000000000000010010011
00000000001100000000000010010011
00000000010000000000000010010011
00000000010100000000000010010011
00000000011000000000000010010011
00000000011100000000000010010011
00000000000000000000000010010011
00000000000100000000000010010011
00000000001000000000000010010011
00000000001100000000000010010011
00000000010000000000000010010011
00000000010100000000000010010011
00000000011000000000000010010011
00000000011100000000000010010011
00000000000000000000000010010011
00000000000100000000000010010011
00000000001000000000000010010011
00000000001100000000000010010011
00000000010000000000000010010011
00000000010100000000000010010011
00000000011000000000000010010011
00000000011100000000000010010011
00000000000000000000000010010011
00000000000100000000000010010011
00000000001000000000000010010011
00000000001100000000000010010011
00000000010000000000000010010011
00000000010100000000000010010011
00000000011000000000000010010011
00000000011100000000000010010011
00000000000000000000000010010011
00000000000100000000000010010011
00000000001000000000000010010011
00000000001100000000000010010011
00000000010000000000000010010011
00000000010100000000000010010011
00000000011000000000000010010011
00000000011100000000000010010011
00000000000000000000000010010011
00000000000100000000000010010011
00000000001000000000000010010011
00000000001100000000000010010011
00000000010000000000000010010011
00000000010100000000000010010011
00000000011000000000000010010011
00000000011100000000000010010011
00000000000000000000000010010011
00000000000100000000000010010011
00000000001000000000000010010011
00000000001100000000000010010011
00000000010000000000000010010011
00000000010100000000000010010011
00000000011000000000000010010011
00000000011100000000000010010011
00000000000000000000000010010011
00000000000100000000000010010011
00000000001000000000000010010011
00000000001100000000000010010011
00000000010000000000000010010011
00000000010100000000000010010011
00000000011000000000000010010011
00000000011100000000000010010011
00000000000000000000000010010011
00000000000100000000000010010011
00000000001000000000000010010011
00000000001100000000000010010011
00000000010000000000000010010011
00000000010100000000000010010011
00000000011000000000000010010011
00000000011100000000000010010011
00000000000000000000000010010011
00000000000100000000000010010011
00000000001000000000000010010011
00000000001100000000000010010011
00000000010000000000000010010011
00000000010100000000000010010011
00000000011000000000000010010011
00000000011100000000000010010011
00000000000000000000000010010011
00000000000100000000000010010011
00000000001000000000000010010011
00000000001100000000000010010011
00000000010000000000000010010011
00000000010100000000000010010011
00000000011000000000000010010011
00000000011100000000000010010011
00000000000000000000000010010011
00000000000100000000000010010011
00000000001000000000000010010011
00000000001100000000000010010011
00000000010000000000000010010011
00000000010100000000000010010011
00000000011000000000000010010011
00000000011100000000000010010011
00000000000000000000000010010011
00000000000100000000000010010011
00000000001000000000000010010011
00000000001100000000000010010011
00000000010000000000000010010011
00000000010100000000000010010011
00000000011000000000000010010011
00000000011100000000000010010011
00000000000000000000000010010011
00000000000100000000000010010011
00000000001000000000000010010011
00000000001100000000000010010011
00000000010000000000000010010011
00000000010100000000000010010011
00000000011000000000000010010011
00000000011100000000000010010011
00000000000000000000000010010011
00000000000100000000000010010011
00000000001000000000000010010011
00000000001100000000000010010011
00000000010000000000000010010011
00000000010100000000000010010011
00000000011000000000000010010011
00000000011100000000000010010011